-- Single Node Greedy Algorithm --
1	-0.011397
2	-0.0110481
3	-0.0110417
4	-0.0101621
5	-0.00993214
6	-0.00953245
7	-0.00953087
8	-0.00814973
9	-0.00802429
10	-0.0078433
11	-0.00781863
12	-0.00738243
13	-0.00738088
14	-0.00737933
15	-0.00563405
16	-0.00393901
17	-0.00393291
18	-0.00334093
19	-0.00333492
20	-0.00333342
21	-0.00292166
22	-0.00292016
23	-0.00291867
24	-0.00291717
25	-0.00290372
26	-0.00172331
27	-0.0017121
28	-0.00113941
29	-0.00086766
30	-0.000685188
31	-0.000181331
32	-1.30754e-05
33	-1.18925e-05
34	0.000117129
35	0.000309051
36	0.000313811
37	0.000315
38	0.000334007
39	0.000376616
40	0.000553143
41	0.000595592
42	0.000596768
43	0.00146216
44	0.00147259
45	0.00147375
46	0.00182588
47	0.00271054
48	0.00271165
49	0.00273947
50	0.00305973
51	0.00306954
52	0.00426289
53	0.00442475
54	0.00442881
55	0.00442982
56	0.00464226
57	0.00972081
58	0.00996986
59	0.0118713
60	0.0137057
61	0.0147594
62	0.0156443
63	0.0163373
64	0.0172003
65	0.0173999
66	0.0188493
67	0.019132
68	0.0207786
69	0.0207817
70	0.0207825
71	0.02315
72	0.0233402
73	0.0233588
74	0.0283258
75	0.0295142
76	0.031092
77	0.0310949
78	0.0312886
79	0.0339296
80	0.0341034
81	0.0363617
82	0.0363626
83	0.0370664
84	0.0373995
85	0.037403
86	0.0377916
87	0.0390025
88	0.0391818
89	0.0426755
90	0.0426764
91	0.0426774
92	0.0484223
93	0.0490844
94	0.0499398
95	0.0500905
96	0.0500999
97	0.0517
98	0.0517042
99	0.0517136
100	0.0545012
101	0.0545266
102	0.0557938
103	0.0570552
104	0.0585034
105	0.0587156
106	0.0587246
107	0.0589208
108	0.0591239
109	0.0592621
110	0.0670786
111	0.0670874
112	0.0670884
113	0.067251
114	0.0672667
115	0.0672677
116	0.0673612
117	0.0673621
118	0.0687412
119	0.0687484
120	0.0687993
121	0.069161
122	0.0712666
123	0.071339
124	0.0713591
125	0.072583
126	0.0726275
127	0.0730386
128	0.0735374
129	0.0735386
130	0.0735399
131	0.0782032
132	0.0782086
133	0.0785295
134	0.0785415
135	0.0801458
136	0.0810005
137	0.0814216
138	0.0821216
139	0.082294
140	0.0824384
141	0.0829087
142	0.0833125
143	0.0836406
144	0.0837552
145	0.0857443
146	0.0859586
147	0.0862146
148	0.08647
149	0.0880322
150	0.0922933
151	0.0928273
152	0.0951788
153	0.09518
154	0.0964846
155	0.0969272
156	0.096946
157	0.0971145
158	0.0971157
159	0.0971207
160	0.0971813
161	0.0975999
162	0.0984958
163	0.098497
164	0.100225
165	0.101816
166	0.101992
167	0.102197
168	0.102394
169	0.102542
170	0.102546
171	0.105866
172	0.10592
173	0.105921
174	0.105923
175	0.105927
176	0.106038
177	0.112479
178	0.112729
179	0.11283
180	0.113007
181	0.113794
182	0.113795
183	0.113797
184	0.113841
185	0.113842
186	0.113853
187	0.113873
188	0.11493
189	0.115393
190	0.115437
191	0.115439
192	0.11544
193	0.118768
194	0.11883
195	0.121239
196	0.121571
197	0.121692
198	0.123223
199	0.123229
200	0.123251
201	0.123861
202	0.123862
203	0.124794
204	0.124961
205	0.126894
206	0.131639
207	0.132275
208	0.135757
209	0.136139
210	0.13618
211	0.136669
212	0.137056
213	0.137066
214	0.137076
215	0.137192
216	0.137194
217	0.137795
218	0.140862
219	0.143646
220	0.144346
221	0.144348
222	0.14453
223	0.145097
224	0.145109
225	0.145275
226	0.145287
227	0.14705
228	0.147877
229	0.147899
230	0.148251
231	0.149174
232	0.155005
233	0.155296
234	0.155297
235	0.156149
236	0.157703
237	0.157852
238	0.158259
239	0.15826
240	0.159711
241	0.160894
242	0.161436
243	0.161455
244	0.163273
245	0.163278
246	0.164271
247	0.16455
248	0.164551
249	0.165469
250	0.166357
251	0.166449
252	0.179329
253	0.179329
254	0.181948
255	0.182594
256	0.187285
257	0.191964
258	0.191973
259	0.191974
260	0.193349
261	0.193353
262	0.193354
263	0.19355
264	0.193551
265	0.193734
266	0.195608
267	0.197729
268	0.202125
269	0.202513
270	0.202516
271	0.202517
272	0.202923
273	0.205989
274	0.209025
275	0.210866
276	0.210883
277	0.217641
278	0.219777
279	0.219789
280	0.219789
281	0.219792
282	0.22143
283	0.221431
284	0.221611
285	0.221612
286	0.223759
287	0.223762
288	0.224162
289	0.224677
290	0.226476
291	0.226479
292	0.22648
293	0.227785
294	0.22814
295	0.228143
296	0.228144
297	0.229695
298	0.229695
299	0.229975
300	0.230149
301	0.231886
302	0.232065
303	0.232073
304	0.233136
305	0.233137
306	0.233706
307	0.233714
308	0.234297
309	0.234498
310	0.237574
311	0.237582
312	0.237583
313	0.238448
314	0.238451
315	0.238452
316	0.240087
317	0.240439
318	0.240696
319	0.242511
320	0.243394
321	0.243696
322	0.2437
323	0.248934
324	0.249149
325	0.24915
326	0.249364
327	0.249965
328	0.249993
329	0.251661
330	0.251859
331	0.25241
332	0.252416
333	0.252537
334	0.252547
335	0.254846
336	0.255245
337	0.255246
338	0.255251
339	0.255607
340	0.255612
341	0.256506
342	0.262796
343	0.262797
344	0.262799
345	0.262974
346	0.263351
347	0.263526
348	0.2758
349	0.277928
350	0.277971
351	0.277975
352	0.278994
353	0.280425
354	0.280756
355	0.281427
356	0.281782
357	0.281958
358	0.282151
359	0.282555
360	0.282813
361	0.282823
362	0.283881
363	0.284902
364	0.288283
365	0.288284
366	0.288438
367	0.288951
368	0.290401
369	0.291795
370	0.292233
371	0.293121
372	0.293122
373	0.294697
374	0.294727
375	0.296396
376	0.296406
377	0.296938
378	0.296949
379	0.297294
380	0.297298
381	0.2973
382	0.297304
383	0.298916
384	0.298917
385	0.310109
386	0.310506
387	0.310717
388	0.3109
389	0.311079
390	0.312546
391	0.312709
392	0.312804
393	0.312805
394	0.318581
395	0.318581
396	0.31859
397	0.318632
398	0.318728
399	0.31873
400	0.320911
401	0.320916
402	0.32092
403	0.321769
404	0.330146
405	0.330148
406	0.33074
407	0.33685
408	0.337044
409	0.337672
410	0.350749
411	0.351022
412	0.352087
413	0.352088
414	0.352089
415	0.352467
416	0.353239
417	0.353244
418	0.353422
419	0.353437
420	0.353444
421	0.353455
422	0.353634
423	0.353841
424	0.359301
425	0.359301
426	0.359301
427	0.36916
428	0.36916
429	0.369162
430	0.370461
431	0.370461
432	0.370462
433	0.370462
434	0.370462
435	0.375172
436	0.375635
437	0.375635
438	0.375635
439	0.375635
440	0.375635
441	0.375635
442	0.375635
443	0.375822
444	0.376009
445	0.376009
446	0.376009
447	0.376196
448	0.376384
449	0.376384
450	0.381677
451	0.385241
452	0.387366
453	0.387367
454	0.387367
455	0.387719
456	0.387731
457	0.387731
458	0.387733
459	0.387733
460	0.387928
461	0.387929
462	0.38793
463	0.38793
464	0.387931
465	0.388125
466	0.388129
467	0.388131
468	0.38927
469	0.389455
470	0.389459
471	0.38946
472	0.38946
473	0.389462
474	0.389462
475	0.389469
476	0.401228
477	0.401238
478	0.401254
479	0.404019
480	0.404033
481	0.405483
482	0.405483
483	0.405484
484	0.405488
485	0.40648
486	0.406659
487	0.406667
488	0.406668
489	0.406672
490	0.406672
491	0.406717
492	0.406718
493	0.406719
494	0.40672
495	0.407523
496	0.407524
497	0.407547
498	0.407562
499	0.407595
500	0.407599
501	0.407644
502	0.408113
503	0.408117
504	0.408118
505	0.408122
506	0.412803
507	0.412807
508	0.412807
509	0.412987
510	0.41915
511	0.420116
512	0.420311
513	0.420505
514	0.420509
515	0.420512
516	0.420513
517	0.42052
518	0.421052
519	0.421053
520	0.422122
521	0.422123
522	0.425284
523	0.425461
524	0.425462
525	0.425463
526	0.425473
527	0.425664
528	0.428555
529	0.428556
530	0.428557
531	0.428567
532	0.432013
533	0.432022
534	0.432022
535	0.439927
536	0.440122
537	0.443117
538	0.443118
539	0.443119
540	0.443657
541	0.443665
542	0.44368
543	0.443714
544	0.443855
545	0.443859
546	0.443868
547	0.44436
548	0.444364
549	0.444576
550	0.444576
551	0.444716
552	0.444731
553	0.444732
554	0.444736
555	0.444737
556	0.444877
557	0.447633
558	0.447634
559	0.447635
560	0.448324
561	0.448325
562	0.450777
563	0.450781
564	0.450791
565	0.450792
566	0.450941
567	0.450945
568	0.457669
569	0.45767
570	0.457675
571	0.457676
572	0.45768
573	0.457684
574	0.459196
575	0.459213
576	0.459214
577	0.459216
578	0.459217
579	0.459218
580	0.459219
581	0.459632
582	0.459633
583	0.459816
584	0.470432
585	0.470433
586	0.470442
587	0.470443
588	0.470444
589	0.470445
590	0.470446
591	0.470447
592	0.470448
593	0.470449
594	0.470458
595	0.473372
596	0.473373
597	0.473376
598	0.473377
599	0.473381
600	0.473384
601	0.473385
602	0.475484
603	0.477379
604	0.477385
605	0.477386
606	0.477387
607	0.477387
608	0.483595
609	0.485964
610	0.486324
611	0.486326
612	0.486494
613	0.486503
614	0.486505
615	0.486507
616	0.486516
617	0.486521
618	0.486521
619	0.4876
620	0.4876
621	0.487601
622	0.487752
623	0.487772
624	0.487773
625	0.487773
626	0.487774
627	0.487776
628	0.487954
629	0.487957
630	0.488149
631	0.488151
632	0.488152
633	0.488152
634	0.488154
635	0.489963
636	0.490164
637	0.490171
638	0.495035
639	0.49504
640	0.495041
641	0.499128
642	0.49913
643	0.49913
644	0.499131
645	0.499131
646	0.499131
647	0.499142
648	0.499331
649	0.499332
650	0.499717
651	0.499717
652	0.500319
653	0.50032
654	0.500321
655	0.500466
656	0.500466
657	0.500472
658	0.500473
659	0.500475
660	0.500475
661	0.500609
662	0.50061
663	0.50061
664	0.500614
665	0.500615
666	0.500617
667	0.500617
668	0.500618
669	0.500619
670	0.500619
671	0.500621
672	0.500622
673	0.500623
674	0.500624
675	0.500624
676	0.500625
677	0.5012
678	0.5012
679	0.5012
680	0.501653
681	0.501653
682	0.501654
683	0.501826
684	0.501828
685	0.501828
686	0.501838
687	0.501839
688	0.501839
689	0.501841
690	0.501861
691	0.505489
692	0.507124
693	0.507125
694	0.510583
695	0.510583
696	0.510584
697	0.513005
698	0.513213
699	0.513214
700	0.51423
701	0.514785
702	0.515822
703	0.516401
704	0.516409
705	0.516438
706	0.516439
707	0.516439
708	0.516443
709	0.516629
710	0.516629
711	0.516629
712	0.516833
713	0.517357
714	0.518255
715	0.519025
716	0.519027
717	0.519028
718	0.519029
719	0.522635
720	0.522819
721	0.523419
722	0.523419
723	0.523422
724	0.523817
725	0.523818
726	0.523827
727	0.523836
728	0.523849
729	0.524173
730	0.524174
731	0.524178
732	0.524349
733	0.524773
734	0.524782
735	0.52496
736	0.526371
737	0.52638
738	0.526381
739	0.52969
740	0.529694
741	0.529695
742	0.52986
743	0.529882
744	0.529885
745	0.529889
746	0.53028
747	0.530281
748	0.530282
749	0.530282
750	0.530283
751	0.530287
752	0.530818
753	0.532417
754	0.532846
755	0.5334
756	0.533401
757	0.533485
758	0.533488
759	0.534029
760	0.534203
761	0.535393
762	0.535394
763	0.535398
764	0.535564
765	0.535577
766	0.542578
767	0.542912
768	0.543391
769	0.551071
770	0.551241
771	0.551242
772	0.554573
773	0.554959
774	0.555375
775	0.555386
776	0.555976
777	0.555977
778	0.55607
779	0.55659
780	0.556591
781	0.556937
782	0.557095
783	0.5585
784	0.558557
785	0.558558
786	0.558569
787	0.559062
788	0.560039
789	0.56004
790	0.563417
791	0.564148
792	0.564188
793	0.564379
794	0.564823
795	0.564825
796	0.566774
797	0.566778
798	0.566961
799	0.566979
800	0.567299
801	0.5673
802	0.567447
803	0.567644
804	0.567654
805	0.567659
806	0.56766
807	0.576429
808	0.57643
809	0.576442
810	0.576445
811	0.577028
812	0.578315
813	0.578496
814	0.578497
815	0.578677
816	0.578678
817	0.578681
818	0.578682
819	0.578685
820	0.578687
821	0.57869
822	0.578693
823	0.578694
824	0.578697
825	0.579053
826	0.579056
827	0.579057
828	0.57927
829	0.579637
830	0.579644
831	0.580663
832	0.580853
833	0.583145
834	0.583152
835	0.583153
836	0.583159
837	0.583185
838	0.586118
839	0.590727
840	0.590921
841	0.591152
842	0.591221
843	0.592595
844	0.592629
845	0.59263
846	0.59263
847	0.592631
848	0.592687
849	0.598676
850	0.598877
851	0.600249
852	0.600444
853	0.600624
854	0.600625
855	0.60207
856	0.604032
857	0.604232
858	0.604233
859	0.604447
860	0.604453
861	0.604455
862	0.604457
863	0.604458
864	0.605029
865	0.605029
866	0.605031
867	0.605033
868	0.605216
869	0.605217
870	0.606316
871	0.606524
872	0.606525
873	0.606525
874	0.606717
875	0.606904
876	0.606917
877	0.606917
878	0.606917
879	0.606917
880	0.606917
881	0.607665
882	0.607665
883	0.60774
884	0.60774
885	0.60774
886	0.60774
887	0.60774
888	0.60774
889	0.60774
890	0.607741
891	0.607742
892	0.607742
893	0.608302
894	0.608302
895	0.608306
896	0.608307
897	0.608308
898	0.608308
899	0.608309
900	0.608315
901	0.608315
902	0.608315
903	0.608315
904	0.608315
905	0.608317
906	0.608317
907	0.608317
908	0.608319
909	0.608319
910	0.608319
911	0.608319
912	0.608319
913	0.608319
914	0.60832
915	0.60832
916	0.60832
917	0.60832
918	0.60832
919	0.60832
920	0.60832
921	0.608321
922	0.608321
923	0.608321
924	0.608321
925	0.608321
926	0.608321
927	0.608321
928	0.608321
929	0.608321
930	0.608322
931	0.608322
932	0.608322
933	0.608322
934	0.608322
935	0.608322
936	0.608322
937	0.608322
938	0.608323
939	0.608323
940	0.608323
941	0.608323
942	0.608323
943	0.608323
944	0.608323
945	0.608323
946	0.608323
947	0.608323
948	0.608323
949	0.608323
950	0.608323
951	0.608323
952	0.608324
953	0.608324
954	0.608324
955	0.608324
956	0.608324
957	0.608324
958	0.608324
959	0.608324
960	0.608324
961	0.608324
962	0.608324
963	0.608324
964	0.608324
965	0.608324
966	0.608324
967	0.608324
968	0.608324
969	0.608324
970	0.608324
971	0.608324
972	0.608324
973	0.608324
974	0.608324
975	0.608324
976	0.608324
977	0.608324
978	0.608324
979	0.608324
980	0.608324
981	0.608698
982	0.608698
983	0.608885
984	0.608885
985	0.608885
986	0.608886
987	0.608886
988	0.608886
989	0.608886
990	0.608886
991	0.608886
992	0.608886
993	0.609072
994	0.609072
995	0.609072
996	0.609072
997	0.609073
998	0.609073
999	0.61057
1000	0.61057
1001	0.61057
1002	0.61057
1003	0.610757
1004	0.611459
1005	0.61146
1006	0.61146
1007	0.61146
1008	0.611461
1009	0.612585
1010	0.612585
1011	0.612585
1012	0.612586
1013	0.612586
1014	0.612586
1015	0.612587
1016	0.612587
1017	0.612587
1018	0.612587
1019	0.612588
1020	0.612588
1021	0.612588
1022	0.612588
1023	0.612588
1024	0.612588
1025	0.612588
1026	0.612588
1027	0.612588
1028	0.61259
1029	0.61259
1030	0.61259
1031	0.61259
1032	0.61259
1033	0.612591
1034	0.612591
1035	0.612591
1036	0.612591
1037	0.612591
1038	0.612591
1039	0.612591
1040	0.612591
1041	0.612591
1042	0.612591
1043	0.612591
1044	0.612591
1045	0.612592
1046	0.612592
1047	0.612592
1048	0.612593
1049	0.612593
1050	0.612593
1051	0.61278
1052	0.613586
1053	0.613772
1054	0.613772
1055	0.613772
1056	0.613772
1057	0.613773
1058	0.613774
1059	0.613775
1060	0.613775
1061	0.613775
1062	0.613775
1063	0.613775
1064	0.613777
1065	0.614144
1066	0.614144
1067	0.614155
1068	0.614156
1069	0.614156
1070	0.614156
1071	0.614336
1072	0.614336
1073	0.614337
1074	0.614341
1075	0.614341
1076	0.614342
1077	0.614342
1078	0.614528
1079	0.61453
1080	0.614531
1081	0.614531
1082	0.614531
1083	0.616219
1084	0.616219
1085	0.616404
1086	0.616404
1087	0.616404
1088	0.616405
1089	0.616405
1090	0.616406
1091	0.616406
1092	0.616407
1093	0.616407
1094	0.616407
1095	0.616407
1096	0.616407
1097	0.616408
1098	0.616408
1099	0.616408
1100	0.616781
1101	0.616784
1102	0.616784
1103	0.617726
1104	0.617726
1105	0.619076
1106	0.619076
1107	0.619077
1108	0.619077
1109	0.619375
1110	0.619375
1111	0.619918
1112	0.619919
1113	0.619919
1114	0.619922
1115	0.619922
1116	0.619923
1117	0.619923
1118	0.620414
1119	0.620414
1120	0.62097
1121	0.62097
1122	0.62097
1123	0.620972
1124	0.620972
1125	0.621363
1126	0.621363
1127	0.621364
1128	0.621972
1129	0.621972
1130	0.622159
1131	0.622159
1132	0.622159
1133	0.622159
1134	0.622347
1135	0.622914
1136	0.622914
1137	0.623475
1138	0.623475
1139	0.623475
1140	0.623495
1141	0.623495
1142	0.623495
1143	0.623495
1144	0.623495
1145	0.623495
1146	0.623495
1147	0.623495
1148	0.623495
1149	0.623495
1150	0.623495
1151	0.623495
1152	0.623495
1153	0.623495
1154	0.623495
1155	0.623495
1156	0.623495
1157	0.623495
1158	0.623495
1159	0.623495
1160	0.623495
1161	0.62443
1162	0.62443
1163	0.62443
1164	0.62443
1165	0.62443
1166	0.62443
1167	0.62443
1168	0.624431
1169	0.624431
1170	0.624431
1171	0.624431
1172	0.624431
1173	0.624431
1174	0.624431
1175	0.624431
1176	0.624431
1177	0.624431
1178	0.624431
1179	0.624431
1180	0.624431
1181	0.624431
1182	0.624431
1183	0.625179
1184	0.625179
1185	0.625179
1186	0.625179
1187	0.625179
1188	0.625179
1189	0.625179
1190	0.625179
1191	0.62518
1192	0.62518
1193	0.62518
1194	0.62518
1195	0.62518
1196	0.625554
1197	0.625554
1198	0.625554
1199	0.625554
1200	0.625554
1201	0.625554
1202	0.625554
1203	0.628753
1204	0.628753
1205	0.628754
1206	0.628755
1207	0.628755
1208	0.628755
1209	0.628755
1210	0.628756
1211	0.628756
1212	0.628756
1213	0.628756
1214	0.628757
1215	0.628757
1216	0.628757
1217	0.628757
1218	0.628757
1219	0.628757
1220	0.628757
1221	0.628757
1222	0.628757
1223	0.628757
1224	0.628758
1225	0.628758
1226	0.628758
1227	0.628758
1228	0.628758
1229	0.628759
1230	0.628759
1231	0.628759
1232	0.628759
1233	0.628759
1234	0.628759
1235	0.628759
1236	0.628759
1237	0.628759
1238	0.628759
1239	0.628759
1240	0.628759
1241	0.62876
1242	0.62876
1243	0.62876
1244	0.62876
1245	0.62876
1246	0.62876
1247	0.62876
1248	0.62876
1249	0.62876
1250	0.62876
1251	0.62876
1252	0.62876
1253	0.62876
1254	0.62876
1255	0.62876
1256	0.62876
1257	0.62876
1258	0.62876
1259	0.62876
1260	0.62876
1261	0.628947
1262	0.628947
1263	0.628947
1264	0.628947
1265	0.628947
1266	0.628947
1267	0.628947
1268	0.628947
1269	0.628947
1270	0.628947
1271	0.628947
1272	0.628947
1273	0.628947
1274	0.628947
1275	0.628947
1276	0.628947
1277	0.628947
