-- Single Node Greedy Algorithm --
1	0.129103
2	0.130667
3	0.183784
4	0.196354
5	0.254403
6	0.255242
7	0.296779
8	0.343328
9	0.343489
10	0.343649
11	0.450182
12	0.450408
13	0.451298
14	0.470322
15	0.471239
16	0.474668
17	0.483303
18	0.488242
19	0.501488
20	0.502116
21	0.569857
22	0.636788
23	0.688617
24	0.688807
25	0.688975
26	0.689014
27	0.689051
28	0.689087
29	0.689216
30	0.689322
31	0.689479
32	0.689513
33	0.689517
34	0.689521
35	0.689523
36	0.689524
-- Single Node Greedy Algorithm --
1	0.034291
2	0.0476951
3	0.0483627
4	0.0485263
5	0.0639372
6	0.0734487
7	0.0745319
8	0.0747996
9	0.11941
10	0.12603
11	0.132272
12	0.144806
13	0.163851
14	0.19461
15	0.208033
16	0.278092
17	0.283507
18	0.284047
19	0.307113
20	0.394208
21	0.413884
22	0.438044
23	0.505341
24	0.518257
25	0.555832
26	0.624125
27	0.658551
28	0.661042
29	0.661613
30	0.663829
31	0.689851
-- Single Node Greedy Algorithm --
1	-0.007920
2	-0.00758211
3	0.0119954
4	0.0128716
5	0.0217678
6	0.0466546
7	0.0467002
8	0.121091
9	0.121099
10	0.141737
11	0.168475
12	0.172688
13	0.173372
14	0.192414
15	0.194712
16	0.194758
17	0.256727
18	0.257743
19	0.257766
20	0.257909
21	0.276885
22	0.320838
23	0.320935
24	0.330497
25	0.331216
26	0.39797
27	0.499946
28	0.500003
29	0.53051
30	0.530722
31	0.530772
32	0.563087
33	0.563149
34	0.626193
35	0.626214
36	0.646761
37	0.689499
38	0.689521
39	0.699072
40	0.69927
41	0.699446
42	0.699487
-- Single Node Greedy Algorithm --
1	-0.031397
2	-0.0308398
3	-0.0192711
4	0.00294382
5	0.0163482
6	0.0221924
7	0.0279234
8	0.0425109
9	0.044931
10	0.0890043
11	0.116165
12	0.167372
13	0.167432
14	0.16996
15	0.199408
16	0.200088
17	0.227599
18	0.260171
19	0.27943
20	0.279945
21	0.323809
22	0.329978
23	0.334336
24	0.334815
25	0.346204
26	0.371176
27	0.381152
28	0.388826
29	0.389358
30	0.389889
31	0.396366
32	0.43639
33	0.448163
34	0.452088
35	0.454437
36	0.457123
37	0.462865
38	0.466046
39	0.466303
40	0.469609
41	0.484941
-- Single Node Greedy Algorithm --
1	0.005166
2	0.00820344
3	0.106455
4	0.108041
5	0.124655
6	0.147467
7	0.154997
8	0.185335
9	0.186576
10	0.19447
11	0.257346
12	0.258882
13	0.275547
14	0.301955
15	0.307126
16	0.356568
17	0.356847
18	0.357946
19	0.358218
20	0.359289
21	0.360338
22	0.362611
23	0.370865
24	0.398981
25	0.402444
26	0.402703
27	0.413455
28	0.464688
29	0.464791
30	0.464892
31	0.464992
32	0.465824
33	0.487595
34	0.563008
35	0.573736
36	0.648928
37	0.649087
38	0.649244
39	0.6494
40	0.649555
41	0.650158
42	0.650305
43	0.65088
44	0.651433
45	0.651963
46	0.657307
47	0.657923
48	0.65793
49	0.668455
50	0.668461
51	0.66847
52	0.68947
53	0.689507
54	0.689513
55	0.689518
56	0.689521
57	0.689522
-- Single Node Greedy Algorithm --
1	0.078994
2	0.0789985
3	0.0790015
4	0.11037
5	0.130973
6	0.131015
7	0.13117
8	0.131303
9	0.162725
10	0.163001
11	0.163025
12	0.163106
13	0.183298
14	0.194237
15	0.194275
16	0.194313
17	0.236836
18	0.236866
19	0.236892
20	0.279966
21	0.309148
22	0.348097
23	0.350906
24	0.379116
25	0.380192
26	0.548744
27	0.550006
28	0.550198
29	0.550953
30	0.553731
31	0.578398
32	0.578527
33	0.623444
34	0.624212
35	0.64351
-- Single Node Greedy Algorithm --
1	-0.069864
2	-0.0697994
3	-0.0624031
4	-0.0423931
5	-0.00977156
6	0.00930197
7	0.0265686
8	0.0317247
9	0.0432767
10	0.0441891
11	0.0572101
12	0.0789906
13	0.0789967
14	0.0789973
15	0.0893435
16	0.181383
17	0.194607
18	0.204145
19	0.204603
20	0.205278
21	0.205306
22	0.266642
23	0.278991
24	0.288981
25	0.289126
26	0.30892
27	0.456414
28	0.45648
29	0.456544
30	0.456606
31	0.456842
32	0.456898
33	0.456952
34	0.477469
35	0.489197
36	0.48942
37	0.489484
38	0.489524
39	0.489543
40	0.489544
41	0.527373
42	0.527799
43	0.527903
44	0.528004
45	0.528105
46	0.528204
47	0.529588
48	0.52988
49	0.529949
50	0.530017
51	0.530276
52	0.530511
53	0.530567
54	0.531001
55	0.531043
56	0.531083
57	0.569683
58	0.58886
59	0.623156
60	0.623931
61	0.637315
-- Single Node Greedy Algorithm --
1	0.057586
2	0.173683
3	0.173697
4	0.173737
5	0.205252
6	0.205331
7	0.226247
8	0.226315
9	0.323982
10	0.353051
11	0.35322
12	0.353387
13	0.370265
14	0.450091
15	0.47439
16	0.474834
17	0.484333
18	0.484453
19	0.544226
20	0.581582
21	0.581668
22	0.593374
23	0.613805
24	0.668447
25	0.668454
26	0.66847
27	0.678594
28	0.678717
29	0.678745
30	0.678927
31	0.678972
32	0.67898
33	0.678986
34	0.689219
35	0.689248
36	0.689348
37	0.689425
38	0.689441
39	0.68949
40	0.689499
41	0.689521
42	0.699073
43	0.699487
-- Single Node Greedy Algorithm --
1	0.026681
2	0.028289
3	0.0745242
4	0.0957195
5	0.110444
6	0.148536
7	0.148971
8	0.180326
9	0.181351
10	0.207797
11	0.226155
12	0.277978
13	0.292291
14	0.300853
15	0.356297
16	0.36401
17	0.387028
18	0.465419
19	0.548651
20	0.548853
21	0.549646
22	0.564576
23	0.571836
24	0.644689
25	0.645028
26	0.645345
27	0.645421
28	0.646037
29	0.646099
30	0.646159
31	0.646386
32	0.646439
33	0.652834
34	0.653303
35	0.653749
36	0.653857
37	0.653964
38	0.657823
39	0.657938
40	0.657942
41	0.657943
42	0.657944
43	0.668047
44	0.668173
45	0.668277
46	0.6683
47	0.668321
48	0.668341
49	0.668406
50	0.668469
51	0.668469
-- Single Node Greedy Algorithm --
1	0.007384
2	0.011558
3	0.0161799
4	0.0619253
5	0.108744
6	0.11646
7	0.116779
8	0.125887
9	0.127497
10	0.190933
11	0.193852
12	0.194342
13	0.216121
14	0.239314
15	0.245108
16	0.245416
17	0.246634
18	0.255365
19	0.287116
20	0.287434
21	0.287701
22	0.308729
23	0.321477
24	0.321718
25	0.337792
26	0.340577
27	0.341968
28	0.371128
29	0.380513
30	0.408725
31	0.417194
32	0.429777
33	0.43
34	0.443871
35	0.44686
36	0.44839
37	0.528323
38	0.551182
39	0.551269
40	0.64351
