-- Single Node Greedy Algorithm --
-0.055033
-0.0315861
-0.03046
0.0396827
0.0409674
0.0828125
0.0854118
0.105035
0.128922
0.150461
0.171901
0.195736
0.196852
0.237082
0.240236
0.240791
0.262458
0.323588
0.394262
0.464063
0.484681
0.722477
0.725074
0.725333
0.752774
0.75288
0.774712
0.79717
0.797214
0.797327
-- Single Node Greedy Algorithm --
0.111002
0.136755
0.144303
0.156506
0.161634
0.178728
0.196775
0.289297
0.362904
0.381386
0.548693
0.56995
0.594195
0.730508
0.775119
0.775125
0.797308
0.797327
-- Single Node Greedy Algorithm --
-0.043910
-0.0267969
-0.0261712
0.00505078
0.00709088
0.0141499
0.0156999
0.0343234
0.187167
0.190396
0.199255
0.202777
0.203644
0.207042
0.326014
0.333971
0.351529
0.356193
0.395907
0.635853
0.659105
0.66329
0.684424
0.752683
0.774651
0.797308
0.797327
-- Single Node Greedy Algorithm --
-0.048512
-0.0481253
-0.0263423
0.0376166
0.0384471
0.0399489
0.0409546
0.0414642
0.105556
0.121478
0.124211
0.285618
0.304808
0.319881
0.323134
0.331903
0.350481
0.551309
0.619054
0.640911
0.64159
0.662282
0.685563
0.686216
0.728997
0.729526
0.729644
0.797327
-- Single Node Greedy Algorithm --
-0.047447
-0.0453962
-0.0318727
-0.0295291
-0.0232495
-0.00164495
0.000340947
0.00723239
0.0148521
0.0157411
0.0627336
0.0824078
0.0831979
0.0833805
0.146439
0.150766
0.154609
0.172988
0.176832
0.243894
0.245413
0.251406
0.257301
0.263097
0.530211
0.552844
0.574923
0.638567
0.640108
0.660789
0.679078
0.679374
0.70038
0.725187
0.728536
0.77478
0.797214
0.797327
-- Single Node Greedy Algorithm --
0.086234
0.151239
0.15273
0.15286
0.241299
0.241561
0.263522
0.304216
0.305085
0.374212
0.374317
0.596226
0.617937
0.640671
0.640783
0.641171
0.662384
0.685117
0.685421
0.686238
0.72995
0.751745
0.77479
0.775117
0.79717
0.797214
0.797327
-- Single Node Greedy Algorithm --
0.148429
0.164921
0.236584
0.345536
0.387034
0.410632
0.434131
0.441143
0.441707
0.572292
0.572989
0.59581
0.616552
0.639495
0.66234
0.66248
0.684105
0.752568
0.775117
0.79717
0.797214
0.797327
-- Single Node Greedy Algorithm --
0.090981
0.0914597
0.134705
0.158567
0.158689
0.158815
0.201751
0.202231
0.202613
0.202895
0.203087
0.203196
0.245533
0.24615
0.255946
0.273237
0.278168
0.283001
0.287734
0.292369
0.316424
0.320176
0.328497
0.357104
0.440165
0.574977
0.707529
0.707906
0.775105
0.775119
0.775125
0.797308
0.797327
-- Single Node Greedy Algorithm --
-0.158414
-0.00019513
0.037195
0.081598
0.102229
0.113236
0.151213
0.164368
0.477899
0.61554
0.617295
0.640775
0.641781
0.641792
0.664003
0.686115
0.708128
0.729526
0.729644
0.797327
-- Single Node Greedy Algorithm --
0.081146
0.0820722
0.216436
0.240875
0.284862
0.308864
0.360358
0.36434
0.368223
0.369182
0.390661
0.548153
0.572663
0.775119
0.775125
0.797308
0.797327
